correlations	24323599
0	0
0.025	0
0.05	0
0.075	0
0.1	0
0.125	0
0.15	0
0.175	0
0.2	0
0.225	0
0.25	0
0.275	0
0.3	0
0.325	0
0.35	0
0.375	0
0.4	0
0.425	0
0.45	0
0.475	0
0.5	0
0.525	0
0.55	0
0.575	0
0.6	0
0.625	0
0.65	0
0.675	0
0.7	0
0.725	0
0.75	0
0.775	0
0.8	0
0.825	0
0.85	0
0.875	0
0.9	0
0.925	0
0.95	0
0.975	0
1	1.21351
1.025	2.28315
1.05	2.10386
1.075	2.05155
1.1	1.88053
1.125	1.8055
1.15	1.67893
1.175	1.55168
1.2	1.49753
1.225	1.35535
1.25	1.35779
1.275	1.28767
1.3	1.28514
1.325	1.16963
1.35	1.14174
1.375	1.05824
1.4	1.03704
1.425	0.988347
1.45	0.960995
1.475	0.953033
1.5	0.928062
1.525	0.920999
1.55	0.883964
1.575	0.880571
1.6	0.873983
1.625	0.876493
1.65	0.883212
1.675	0.838109
1.7	0.86404
1.725	0.851735
1.75	0.851435
1.775	0.892262
1.8	0.941042
1.825	0.9199
1.85	0.907602
1.875	0.906994
1.9	0.948177
1.925	0.95326
1.95	0.969374
1.975	1.00916
2	1.00956
2.025	1.02886
2.05	1.02993
2.075	1.03284
2.1	1.01574
2.125	1.02243
2.15	1.04483
2.175	1.04633
2.2	1.03084
2.225	1.02229
2.25	1.06072
2.275	1.07955
2.3	1.02355
2.325	1.03956
2.35	1.04531
2.375	1.01006
2.4	1.00706
2.425	0.992457
2.45	0.978918
2.475	0.967407
2.5	0.987782
2.525	1.01043
2.55	1.01289
2.575	1.00197
2.6	0.988585
2.625	0.988219
2.65	0.970144
2.675	0.969281
2.7	0.976435
2.725	0.980708
2.75	0.974348
2.775	0.99817
2.8	0.994146
2.825	0.984355
2.85	0.99407
2.875	1.00643
2.9	1.01353
2.925	1.01725
2.95	1.01545
2.975	0.989395
3	0.98589
3.025	0.990649
3.05	0.991544
3.075	0.977053
3.1	0.981129
3.125	0.988462
3.15	0.984629
3.175	0.96686
3.2	0.985668
3.225	0.986877
3.25	0.985368
3.275	0.99301
3.3	0.98345
3.325	0.99479
3.35	1.00391
3.375	0.971191
3.4	0.978664
3.425	0.981522
3.45	0.962467
3.475	0.983654
3.5	0.995236
3.525	0.992612
3.55	0.987544
3.575	0.996038
3.6	0.994439
3.625	0.982936
3.65	1.00799
3.675	1.00308
3.7	1.00164
3.725	1.00739
3.75	1.01202
3.775	1.00765
3.8	1.00271
3.825	1.00287
3.85	0.99428
3.875	0.991897
3.9	1.00442
3.925	0.989528
3.95	1.00017
3.975	0.979343
4	0.989857
4.025	0.982064
4.05	0.988674
4.075	0.972345
4.1	0.98275
4.125	0.987726
4.15	0.987709
4.175	0.978356
4.2	0.974415
4.225	0.97959
4.25	0.976202
4.275	0.976135
4.3	0.970251
4.325	0.964049
4.35	0.982221
4.375	0.976771
4.4	0.988274
4.425	0.992712
4.45	0.991166
4.475	1.00853
4.5	0.99567
4.525	0.998521
4.55	1.00394
4.575	0.996594
4.6	0.99697
4.625	1.00718
4.65	1.01867
4.675	1.01438
4.7	1.01987
4.725	1.00821
4.75	1.00452
4.775	0.994789
4.8	0.98535
4.825	0.982273
4.85	1.00539
4.875	0.976044
4.9	0.979733
4.925	0.981015
4.95	0.981048
4.975	0.972521
5	0.981615
5.025	0.977565
5.05	0.986933
5.075	0.982046
5.1	0.971191
5.125	0.969915
5.15	0.974557
5.175	0.982683
5.2	0.976913
5.225	0.979294
5.25	0.976894
5.275	0.979965
5.3	0.965413
5.325	0.979629
5.35	0.959863
5.375	0.989966
5.4	0.981053
5.425	0.989525
5.45	0.990015
5.475	0.977774
5.5	0.987567
5.525	0.998557
5.55	0.981347
5.575	1.0019
5.6	1.00021
5.625	1.00046
5.65	1.00051
5.675	0.996308
5.7	0.991034
5.725	0.995175
5.75	1.00158
5.775	1.00671
5.8	0.989386
5.825	1.0076
5.85	0.990312
5.875	0.988711
5.9	0.978017
5.925	0.988959
5.95	0.985055
5.975	0.992755
6	0.980488
6.025	0.990092
6.05	0.981462
6.075	0.991892
6.1	0.980129
6.125	0.976274
6.15	0.973223
6.175	0.973144
6.2	0.979079
6.225	0.965633
6.25	0.979973
6.275	0.977853
6.3	0.983699
6.325	0.990695
6.35	0.999365
6.375	0.989988
6.4	0.994664
6.425	0.990598
6.45	0.995475
6.475	0.984431
6.5	0.99937
6.525	0.996098
6.55	0.98312
6.575	0.995691
6.6	1.00458
6.625	1.00538
6.65	0.996723
6.675	0.997742
6.7	0.994732
6.725	0.992303
6.75	0.987797
6.775	0.990547
6.8	0.980557
6.825	0.97306
6.85	0.977244
6.875	0.973258
6.9	0.973537
6.925	0.993548
6.95	0.987067
6.975	0.991355
7	0.991859
7.025	0.980527
7.05	0.988281
7.075	0.983864
7.1	0.982529
7.125	0.988073
7.15	0.993825
7.175	0.994866
7.2	0.988095
7.225	0.991191
7.25	0.995536
7.275	0.995965
7.3	0.993739
7.325	0.999802
7.35	0.990488
7.375	0.989204
7.4	0.989901
7.425	0.982078
7.45	0.993391
7.475	0.992828
7.5	0.99022
7.525	0.99714
7.55	1.00179
7.575	0.978256
7.6	0.980466
7.625	0.970667
7.65	0.975899
7.675	0.974485
7.7	0.990923
7.725	0.98768
7.75	0.984413
7.775	0.977132
7.8	0.994109
7.825	0.983956
7.85	0.988837
7.875	0.990272
7.9	0.990518
7.925	0.985206
7.95	0.979924
7.975	0.989831
8	0.99783
8.025	0.976169
8.05	0.986252
8.075	0.98492
8.1	0.98862
8.125	0.99357
8.15	0.993971
8.175	0.994734
8.2	0.997726
8.225	0.995334
8.25	1.00209
8.275	1.00651
8.3	1.00545
8.325	1.00187
8.35	0.996683
8.375	0.996231
8.4	0.991174
8.425	0.986158
8.45	0.991367
8.475	0.990318
8.5	0.98691
8.525	0.988105
8.55	0.993844
8.575	0.988835
8.6	0.98532
8.625	0.987904
8.65	0.995348
8.675	0.990834
8.7	0.991103
8.725	0.987959
8.75	0.986518
8.775	1.00058
8.8	0.992528
8.825	0.984937
8.85	0.992502
8.875	0.989032
8.9	0.989854
8.925	0.985881
8.95	0.99283
8.975	0.9996
9	1.00253
9.025	0.994347
9.05	1.00756
9.075	1.00286
9.1	0.996952
9.125	1.0041
9.15	0.988919
9.175	0.991295
9.2	0.99478
9.225	0.997079
9.25	0.993228
9.275	0.99087
9.3	0.982795
9.325	1.00101
9.35	0.997312
9.375	0.994194
9.4	0.989597
9.425	0.982874
9.45	0.980168
9.475	0.985638
9.5	0.989393
9.525	0.998009
9.55	0.999665
9.575	0.99568
9.6	0.989237
9.625	1.00195
9.65	0.999505
9.675	1.00058
9.7	0.98832
9.725	0.996853
9.75	0.990214
9.775	0.996895
9.8	0.996531
9.825	1.01471
9.85	0.995011
9.875	1.00628
9.9	1.00542
9.925	1.00533
9.95	0.996064
9.975	1.00294
10	1.00405
10.025	1.0084
10.05	1.0128
10.075	1.00762
10.1	1.00713
10.125	0.999973
10.15	1.00805
10.175	1.00128
10.2	0.980936
10.225	0.98886
10.25	0.995456
10.275	0.99561
10.3	0.997128
10.325	1.00535
10.35	0.988569
10.375	0.991777
10.4	0.980267
10.425	0.998093
10.45	0.99978
10.475	1.00481
10.5	0.995568
10.525	0.994331
10.55	1.0019
10.575	0.995285
10.6	1.01189
10.625	1.00622
10.65	1.00349
10.675	1.00144
10.7	0.992057
10.725	1.01227
10.75	1.00762
10.775	1.01054
10.8	1.01454
10.825	1.01768
10.85	1.01137
10.875	1.00186
10.9	1.0077
10.925	0.998672
10.95	1.00403
10.975	1.00352
11	1.00519
11.025	1.0124
11.05	1.01022
11.075	1.01776
11.1	1.01214
11.125	1.00329
11.15	1.01295
11.175	1.01034
11.2	1.00769
11.225	1.00329
11.25	1.00063
11.275	1.00143
11.3	1.00096
11.325	0.999235
11.35	1.00008
11.375	1.00464
11.4	1.00398
11.425	1.00074
11.45	0.995457
11.475	1.0174
11.5	1.00477
11.525	1.01062
11.55	1.00473
11.575	1.01674
11.6	1.00953
11.625	1.02394
11.65	1.01851
11.675	1.00198
11.7	1.00717
11.725	1.00643
11.75	1.00837
11.775	1.01906
11.8	1.01035
11.825	1.01613
11.85	1.01001
11.875	1.01619
11.9	1.00793
11.925	1.00679
11.95	1.01985
11.975	1.0121
12	1.01828
12.025	1.01963
12.05	1.02276
12.075	1.01197
12.1	1.00344
12.125	0.998032
12.15	1.00807
12.175	1.00563
12.2	1.00965
12.225	1.01296
12.25	1.00723
12.275	1.00408
12.3	1.0089
12.325	1.00343
12.35	1.01038
12.375	0.993171
12.4	1.00415
12.425	1.00957
12.45	0.999866
12.475	1.01308
12.5	1.02693
12.525	1.01115
12.55	1.00937
12.575	1.00679
12.6	1.01002
12.625	1.00295
12.65	1.00401
12.675	1.00862
12.7	1.01055
12.725	0.998358
12.75	1.01604
12.775	1.0146
12.8	1.01817
12.825	1.01276
12.85	1.00522
12.875	1.00668
12.9	1.01391
12.925	1.00879
12.95	1.00122
12.975	1.00718
13	1.01571
13.025	1.0111
13.05	1.01078
13.075	1.00666
13.1	1.00804
13.125	1.00612
13.15	1.00697
13.175	1.01588
13.2	1.00692
13.225	1.02308
13.25	1.0019
13.275	1.00551
13.3	1.01267
13.325	1.00829
13.35	1.01601
13.375	1.01342
13.4	1.00606
13.425	1.02635
13.45	1.02909
13.475	1.01746
13.5	1.01779
13.525	1.01905
13.55	1.01171
13.575	1.014
13.6	1.01208
13.625	1.01122
13.65	0.998957
13.675	0.996716
13.7	1.00788
13.725	1.00629
13.75	1.00588
13.775	1.005
13.8	1.0203
13.825	1.0007
13.85	1.00495
13.875	1.00272
13.9	1.01154
13.925	1.03019
13.95	1.03427
13.975	1.0335
14	1.01762
14.025	1.02224
14.05	1.0237
14.075	1.02563
14.1	1.03591
14.125	1.04056
14.15	1.03299
14.175	1.02427
14.2	1.01802
14.225	0.999011
14.25	1.00115
14.275	0.999453
14.3	0.994309
14.325	1.01284
14.35	1.01328
14.375	1.01563
14.4	1.02394
14.425	1.024
14.45	1.03319
14.475	1.03831
14.5	1.04243
14.525	1.01636
14.55	1.01278
14.575	1.01141
14.6	1.02913
14.625	1.02711
14.65	1.01276
14.675	0.997245
14.7	0.99369
14.725	1.00503
14.75	1.01177
14.775	1.00848
14.8	0.992258
14.825	1.01163
14.85	1.0186
14.875	1.01234
14.9	1.03323
14.925	1.01849
14.95	1.01551
14.975	1.03561
15	1.04121
15.025	1.04131
15.05	1.01636
15.075	1.03322
15.1	1.05083
15.125	1.03923
15.15	1.04411
15.175	1.03981
15.2	1.02143
15.225	1.03264
15.25	1.02415
15.275	1.02455
15.3	1.04585
15.325	1.02635
15.35	1.05921
15.375	1.03174
15.4	1.03931
15.425	1.02821
15.45	1.03926
15.475	1.03455
15.5	1.02667
15.525	1.00873
15.55	1.03411
15.575	1.05282
15.6	1.06044
15.625	1.04975
15.65	1.02465
15.675	1.02606
15.7	1.03546
15.725	1.02748
15.75	1.04754
15.775	1.02159
15.8	1.03105
15.825	1.04342
15.85	1.03715
15.875	1.04416
15.9	1.03687
15.925	1.04279
15.95	1.06757
15.975	1.0586
16	1.03605
16.025	1.03121
16.05	1.02209
16.075	1.02872
16.1	1.04388
16.125	1.02603
16.15	1.0585
16.175	1.02893
16.2	1.03933
16.225	1.0522
16.25	1.06771
16.275	1.06037
16.3	1.03733
16.325	1.07679
16.35	1.06221
16.375	1.06068
16.4	1.08853
16.425	1.06198
16.45	1.06333
16.475	1.03965
16.5	1.04468
16.525	1.05619
16.55	1.03049
16.575	1.06272
16.6	1.06976
16.625	1.04874
16.65	1.04952
16.675	1.0176
16.7	1.05902
16.725	1.05999
16.75	1.09294
16.775	1.08851
16.8	1.11296
16.825	1.09553
16.85	1.08235
16.875	1.08212
16.9	1.04708
16.925	1.05294
16.95	1.03416
16.975	1.10045
17	1.0827
17.025	1.06899
17.05	1.06688
17.075	1.01965
17.1	1.07321
17.125	1.06207
17.15	0.984624
17.175	1.05356
17.2	1.01453
17.225	1.04855
17.25	1.0346
17.275	1.02132
17.3	1.08001
17.325	1.04549
17.35	1.0592
17.375	1.08717
17.4	1.09143
17.425	1.09331
17.45	1.1067
17.475	1.12283
17.5	1.14917
17.525	1.08491
17.55	1.13227
17.575	1.05332
17.6	1.13727
17.625	1.14496
17.65	1.14216
17.675	1.10107
17.7	1.07118
17.725	1.08109
17.75	1.02554
17.775	1.07091
17.8	1.04824
17.825	1.04049
17.85	1.06745
17.875	1.06327
17.9	1.00309
17.925	1.08677
17.95	1.06042
17.975	1.08652
18	1.11569
18.025	1.12309
18.05	1.04176
18.075	1.14507
18.1	1.11622
18.125	1.1724
18.15	1.15732
18.175	1.14941
18.2	1.10553
18.225	1.11192
18.25	1.13024
18.275	1.13085
18.3	1.1222
18.325	1.12265
18.35	1.11441
18.375	1.08401
18.4	1.06844
18.425	1.10265
18.45	1.09609
18.475	1.08358
18.5	1.11767
18.525	1.13395
18.55	1.20861
18.575	1.16373
18.6	1.12066
18.625	1.15347
18.65	1.18956
18.675	1.12252
18.7	1.18581
18.725	1.08856
18.75	1.10683
18.775	1.03803
18.8	1.08508
18.825	1.09596
18.85	1.13409
18.875	1.18204
18.9	1.17149
18.925	1.06198
18.95	1.07945
18.975	1.1343
19	1.11762
19.025	1.18177
19.05	1.08572
19.075	1.13566
19.1	1.04855
19.125	1.12088
19.15	1.14266
19.175	1.08143
19.2	1.22709
19.225	1.10268
19.25	1.10398
19.275	1.0573
19.3	1.14321
19.325	1.1882
19.35	1.2916
19.375	1.21545
19.4	1.27967
19.425	1.21832
19.45	1.14519
19.475	0.990634
19.5	1.10119
19.525	1.07597
19.55	1.11103
19.575	1.16638
19.6	1.18211
19.625	1.07032
19.65	1.19177
19.675	1.12663
19.7	1.2365
19.725	1.34849
19.75	1.30579
19.775	1.18558
19.8	1.08999
19.825	1.06736
19.85	1.12081
19.875	1.09352
19.9	1.14976
19.925	1.13673
19.95	1.13127
19.975	1.10588
20	1.23958
20.025	1.31354
20.05	1.3246
20.075	1.30354
20.1	1.20375
20.125	1.10527
20.15	1.48951
20.175	1.4499
20.2	1.32247
20.225	1.35332
20.25	1.61271
20.275	1.41273
20.3	1.38593
20.325	1.59329
20.35	1.30404
20.375	0.939975
20.4	1.05625
20.425	1.03136
20.45	1.01522
20.475	1.2196
20.5	0.909905
20.525	0.929403
20.55	0.967252
20.575	0.931786
20.6	0.979187
20.625	1.14292
20.65	1.20418
20.675	1.33383
20.7	1.19627
20.725	1.25215
20.75	1.12113
20.775	1.19588
20.8	1.04039
20.825	1.24695
20.85	0.983661
20.875	1.02031
20.9	1.0856
20.925	1.52882
20.95	1.50856
20.975	1.14721
21	1.26725
21.025	1.37027
21.05	1.28463
21.075	1.16266
21.1	1.49688
21.125	1.86856
21.15	1.63499
21.175	1.18034
21.2	1.19682
21.225	0.916268
21.25	0.927442
21.275	1.29975
21.3	1.3252
21.325	1.2049
21.35	1.73919
21.375	1.48446
21.4	1.49874
21.425	1.92136
21.45	1.59399
21.475	1.4131
21.5	2.63514
21.525	1.42985
21.55	2.46649
21.575	1.16344
21.6	1.0818
21.625	0.781056
21.65	0.963474
21.675	1.10676
21.7	0.685137
21.725	0.779639
21.75	0.596732
21.775	2.13763
21.8	0.357463
21.825	0.973616
21.85	1.02771
21.875	0.986597
21.9	0.913516
21.925	1.25608
21.95	1.02771
21.975	0.604533
22	0.822164
22.025	0.770779
22.05	0.38539
22.075	0.513853
22.1	1.26487
22.125	0.948651
22.15	0.747422
22.175	1.02771
22.2	1.02771
22.225	1.30799
22.25	1.1419
22.275	3.08312
22.3	1.02771
22.325	2.05541
22.35	2.05541
22.375	2.05541
22.4	4.5219
22.425	10.2771
22.45	2.31234
22.475	8.22164
22.5	11.3048
22.525	4.11082
22.55	1.02771
22.575	0
22.6	0.58726
22.625	2.05541
22.65	0
22.675	0
22.7	0
22.725	0
22.75	0
22.775	0
22.8	0
22.825	0
22.85	0
22.875	0
22.9	0
22.925	0
22.95	0
22.975	0
23	0
23.025	0
23.05	0
23.075	0
23.1	0
23.125	0
23.15	0
23.175	0
23.2	0
23.225	0
23.25	0
23.275	0
23.3	0
23.325	0
23.35	0
23.375	0
23.4	0
23.425	0
23.45	0
23.475	0
23.5	0
23.525	0
23.55	0
23.575	0
23.6	0
23.625	0
23.65	0
23.675	0
23.7	0
23.725	0
23.75	0
23.775	0
23.8	0
23.825	0
23.85	0
23.875	0
23.9	0
23.925	0
23.95	0
23.975	0
24	0
24.025	0
24.05	0
24.075	0
24.1	0
24.125	0
24.15	0
24.175	0
24.2	0
24.225	0
